# Created by Octave 4.2.1, Mon Dec 18 23:40:06 2017 GMT <unknown@unknown>
# name: y
# type: matrix
# rows: 38
# columns: 1
 0
 0
 0
 0
 0
 0
 0
 0
 0
 0
 0
 0
 0
 0
 0
 0
 0
 0
 0
 0
 0
 0
 0
 0
 0
 0
 0
 0
 0
 0
 0
 0
 0
 0
 0
 0
 0
 0


