# Created by Octave 4.2.1, Sun Dec 17 00:20:45 2017 GMT <unknown@unknown>
# name: y
# type: matrix
# rows: 37
# columns: 1
 0
 0
 0
 1
 0
 0
 0
 0
 0
 0
 0
 0
 0
 0
 0
 0
 0
 0
 0
 0
 0
 0
 0
 0
 0
 1
 1
 0
 0
 0
 0
 0
 0
 0
 0
 0
 0


