# Created by Octave 4.2.1, Sun Dec 17 01:45:51 2017 GMT <unknown@unknown>
# name: y
# type: matrix
# rows: 20
# columns: 1
 0
 0
 0
 0
 0
 0
 0
 1
 0
 0
 0
 0
 0
 0
 0
 0
 0
 0
 0
 1


